Best
loss: tensor(0.0653, grad_fn=<MseLossBackward0>)
input
tensor([[23.1880,  1.8750,  4.3750,  1.0620,  1.1880,  1.9380,  2.1250,  0.3750,
          0.0000,  0.8750,  2.1880,  4.8120],
        [22.8670,  2.7330,  5.8000,  1.3330,  1.6000,  1.5330,  1.9330,  0.2670,
          0.1330,  0.8670,  3.0670,  6.9330],
        [22.9090,  2.2730,  5.1820,  0.3640,  0.4550,  1.9090,  1.7270,  0.8180,
          0.0000,  1.0000,  2.6360,  5.0910],
        [21.5000,  1.7500,  4.0830,  0.7500,  0.9170,  1.0830,  2.5000,  0.0830,
          0.0830,  1.0830,  2.7500,  4.2500],
        [27.0000,  4.0000,  7.0000,  3.0000,  4.0000,  2.0000,  3.0000,  1.0000,
          0.0000,  0.0000,  3.0000, 12.0000],
        [26.2860,  1.7860,  4.1430,  1.1430,  1.4290,  2.7860,  1.9290,  0.7860,
          0.1430,  0.5710,  2.5000,  4.7140],
        [22.6150,  1.5380,  2.8460,  0.7690,  1.2310,  2.0000,  1.5380,  0.3080,
          0.0770,  0.7690,  2.9230,  3.8460],
        [20.6000,  1.2000,  2.8670,  0.4670,  0.4670,  2.1330,  1.4000,  0.5330,
          0.0670,  0.6000,  2.4000,  2.8670],
        [23.9170,  1.5000,  3.4170,  1.1670,  1.2500,  2.1670,  1.8330,  0.3330,
          0.4170,  0.5830,  2.8330,  4.1670],
        [24.1110,  1.7780,  3.7220,  0.9440,  1.2220,  1.7780,  1.3890,  0.7220,
          0.0560,  1.0560,  2.1670,  4.7780],
        [21.4440,  0.8890,  2.5560,  0.5560,  0.7780,  1.2220,  1.0000,  0.6670,
          0.0000,  0.7780,  2.4440,  2.4440],
        [26.0000,  0.0000,  2.0000,  2.0000,  2.0000,  3.0000,  1.0000,  0.0000,
          1.0000,  1.0000,  4.0000,  2.0000]])
model output
tensor([[ 1.8754e+01,  1.7137e+00,  4.1103e+00,  8.0155e-01,  9.9765e-01,
          2.2999e+00,  1.3634e+00,  5.2967e-01,  2.6130e-01,  8.1159e-01,
          1.9726e+00,  4.7336e+00],
        [ 1.9914e+01,  1.9489e+00,  4.8117e+00,  7.2732e-01,  7.9211e-01,
          1.9715e+00,  1.6327e+00,  3.3876e-01,  4.9028e-03,  9.6874e-01,
          2.2321e+00,  5.2004e+00],
        [ 1.8452e+01,  1.3402e+00,  3.4889e+00,  7.2559e-01,  8.1469e-01,
          1.6983e+00,  1.3804e+00,  3.9906e-01,  5.1822e-03,  7.8056e-01,
          2.0078e+00,  3.9451e+00],
        [ 1.8673e+01,  1.3346e+00,  3.6159e+00,  5.9248e-01,  6.2010e-01,
          1.3071e+00,  1.5519e+00,  4.3655e-01, -2.4289e-02,  7.7587e-01,
          1.9739e+00,  3.8801e+00],
        [ 1.7784e+01,  1.5488e+00,  3.9095e+00,  7.5659e-01,  8.4863e-01,
          1.5444e+00,  1.3520e+00,  5.2761e-01,  7.9541e-03,  7.5721e-01,
          1.9676e+00,  4.3763e+00],
        [ 1.8546e+01,  1.2218e+00,  3.2941e+00,  5.9789e-01,  6.5731e-01,
          1.5879e+00,  1.6225e+00,  4.8738e-01,  1.3757e-02,  7.9145e-01,
          2.0044e+00,  3.5873e+00],
        [ 1.8097e+01,  1.1580e+00,  2.9787e+00,  7.2936e-01,  8.6694e-01,
          2.1749e+00,  1.3985e+00,  3.8776e-01, -4.0485e-03,  7.9789e-01,
          2.0126e+00,  3.4689e+00],
        [ 1.9373e+01,  1.6715e+00,  4.0991e+00,  7.7844e-01,  9.4117e-01,
          2.2218e+00,  1.5776e+00,  5.1237e-01,  1.6968e-01,  8.5469e-01,
          1.9822e+00,  4.6792e+00],
        [ 1.8340e+01,  1.1500e+00,  3.1789e+00,  6.2357e-01,  6.7339e-01,
          1.2263e+00,  1.7515e+00,  4.2392e-01,  5.7898e-02,  7.9623e-01,
          1.9330e+00,  3.5032e+00],
        [ 1.9631e+01,  1.6697e+00,  4.2930e+00,  7.0531e-01,  8.0076e-01,
          1.7039e+00,  1.6257e+00,  6.1981e-01,  3.6662e-02,  8.2007e-01,
          1.9935e+00,  4.6808e+00],
        [ 1.9562e+01,  1.7843e+00,  4.3153e+00,  7.8793e-01,  9.5800e-01,
          2.4111e+00,  1.4821e+00,  5.2863e-01,  2.1167e-01,  9.0097e-01,
          2.1393e+00,  4.8461e+00],
        [ 1.7691e+01,  8.0050e-01,  2.4083e+00,  4.9333e-01,  5.3616e-01,
          1.4141e+00,  1.0139e+00,  2.8891e-01,  9.5662e-02,  6.5176e-01,
          2.0485e+00,  2.5885e+00]], grad_fn=<AsStridedBackward0>)
actual output
tensor([[ 2.0333e+01,  1.2500e+00,  2.9170e+00,  1.6700e-01,  5.0000e-01,
          1.6670e+00,  1.3330e+00,  7.5000e-01,  8.3000e-02,  8.3300e-01,
          2.0830e+00,  3.1670e+00],
        [ 1.9154e+01,  1.1540e+00,  2.9230e+00,  3.8500e-01,  3.8500e-01,
          1.5380e+00,  1.6150e+00,  6.9200e-01,  7.7000e-02,  6.1500e-01,
          2.7690e+00,  3.0000e+00],
        [ 1.9467e+01,  1.2670e+00,  2.6670e+00,  2.0000e-01,  4.0000e-01,
          1.2670e+00,  1.2000e+00,  5.3300e-01,  6.7000e-02,  7.3300e-01,
          2.0000e+00,  2.8670e+00],
        [ 2.0154e+01,  8.4600e-01,  2.9230e+00,  8.4600e-01,  8.4600e-01,
          2.2310e+00,  1.3080e+00,  3.8500e-01,  0.0000e+00,  3.0800e-01,
          2.2310e+00,  2.6920e+00],
        [ 1.9571e+01,  1.4290e+00,  3.2140e+00,  5.7100e-01,  7.1400e-01,
          1.3570e+00,  1.5000e+00,  5.0000e-01,  0.0000e+00,  4.2900e-01,
          1.2860e+00,  3.5000e+00],
        [ 2.1200e+01,  1.2000e+00,  3.1000e+00,  5.0000e-01,  5.0000e-01,
          1.7000e+00,  1.0000e+00,  6.0000e-01,  0.0000e+00,  3.0000e-01,
          2.1000e+00,  3.0000e+00],
        [ 1.9000e+01,  1.0000e+00,  4.5000e+00, -2.3842e-07,  0.0000e+00,
          1.0000e+00,  1.0000e+00,  0.0000e+00,  0.0000e+00,  1.0000e+00,
          2.5000e+00,  2.5000e+00],
        [ 1.7714e+01,  1.5000e+00,  3.4290e+00,  5.0000e-01,  6.4300e-01,
          7.8600e-01,  9.2900e-01,  2.1400e-01,  0.0000e+00,  6.4300e-01,
          1.6430e+00,  3.5000e+00],
        [ 1.4286e+01,  7.8600e-01,  2.1430e+00,  7.8600e-01,  9.2900e-01,
          7.8600e-01,  1.0710e+00,  2.8600e-01,  0.0000e+00,  8.5700e-01,
          1.7860e+00,  2.4290e+00],
        [ 2.1556e+01,  1.0000e+00,  3.1110e+00,  2.2200e-01,  4.4400e-01,
          2.6670e+00,  7.7800e-01,  3.3300e-01,  1.1100e-01,  8.8900e-01,
          2.2220e+00,  2.2220e+00],
        [ 1.9200e+01,  9.0000e-01,  2.7000e+00,  1.3000e+00,  1.4000e+00,
          1.3000e+00,  4.0000e-01,  5.0000e-01,  2.0000e-01,  8.0000e-01,
          2.9000e+00,  3.2000e+00],
        [ 1.4231e+01,  8.4600e-01,  2.6150e+00,  6.1500e-01,  6.1500e-01,
          1.3080e+00,  3.8500e-01,  3.8500e-01,  7.7000e-02,  3.8500e-01,
          2.1540e+00,  2.3080e+00]])
Worst
loss: tensor(2.9803, grad_fn=<MseLossBackward0>)
input
tensor([[34.7500,  7.5830, 16.2500,  2.4170,  3.0000,  9.7500,  4.8330,  2.0830,
          0.0830,  2.6250,  1.8330, 17.5830],
        [35.8570,  9.9290, 18.5710,  2.3570,  2.8570,  9.2860,  3.2860,  1.9290,
          0.2140,  3.2500,  2.7140, 22.2140],
        [36.8000,  7.0000, 15.6000,  5.0000,  5.6000,  8.6000,  3.6000,  1.2000,
          0.2000,  3.0000,  2.8000, 19.0000],
        [34.3330, 10.2220, 19.3330,  3.6670,  4.5560, 10.4440,  3.7780,  0.6670,
          0.0000,  2.5000,  2.1110, 24.1110],
        [37.6430,  7.7860, 17.7860,  3.9290,  4.7140, 11.6430,  3.2860,  1.1430,
          0.1430,  2.3330,  2.2140, 19.5000],
        [37.2860,  9.6430, 18.5000,  4.6430,  5.7140,  8.2140,  2.7140,  2.6920,
          0.2860,  3.0000,  3.0710, 23.9290],
        [36.5000,  6.0000, 14.6430,  3.4290,  4.4290, 10.3570,  2.7860,  1.5000,
          0.3570,  3.3330,  2.0710, 15.4290],
        [35.4170,  8.4170, 15.9170,  2.7500,  3.9170, 11.3330,  3.5830,  1.3330,
          0.4170,  3.0000,  2.1670, 19.6670],
        [33.6000,  8.4000, 17.0000,  2.4000,  3.2000,  8.2000,  2.0670,  1.0670,
          0.2000,  3.0000,  2.9330, 19.2000],
        [29.4000,  5.7000, 12.6000,  2.5000,  3.0000,  6.2000,  1.0000,  1.7500,
          0.2860,  3.0000,  1.9000, 13.9000],
        [32.2140,  7.7860, 16.0000,  3.2860,  4.5710,  5.7140,  2.0000,  2.1110,
          0.2500,  2.5710,  2.2860, 18.8570],
        [26.4170,  6.2500, 13.0000,  3.1670,  4.7500,  6.2500,  2.0000,  1.2860,
          0.2000,  3.2860,  2.1670, 15.6670]])
model output
tensor([[35.5752,  7.6727, 15.9286,  3.4210,  4.5072,  9.1770,  3.1298,  1.1931,
          0.2136,  2.2818,  2.4824, 19.6770],
        [34.6089,  7.5174, 15.8025,  3.1283,  4.0734,  7.9191,  3.4844,  1.2451,
          0.4222,  2.2814,  2.4696, 19.1288],
        [35.3166,  6.8552, 14.4091,  3.3822,  4.4707,  8.2093,  3.5150,  1.4441,
          0.4271,  2.2938,  2.6478, 17.8813],
        [34.4962,  7.6614, 15.7858,  3.2924,  4.3694,  9.0548,  3.0402,  1.1228,
          0.4228,  2.1734,  2.2751, 19.5809],
        [36.4801,  7.7144, 15.9997,  3.4172,  4.5193,  9.4788,  3.4059,  1.3494,
          0.3060,  2.2935,  2.3472, 19.8177],
        [36.0876,  7.7271, 16.2436,  4.0917,  5.2526,  7.7210,  3.1031,  1.1964,
          0.4197,  2.3169,  2.4885, 20.5495],
        [33.5286,  6.6977, 13.6786,  3.1787,  4.3043,  9.4103,  3.1544,  1.2165,
          0.4495,  2.1971,  2.4434, 17.2073],
        [35.2620,  7.3317, 15.1297,  3.1773,  4.2549,  9.4112,  3.4537,  1.2900,
          0.3715,  2.2424,  2.3112, 18.7415],
        [36.5120,  7.3733, 15.4986,  3.2485,  4.2643,  8.5476,  3.6743,  1.3048,
          0.4488,  2.3595,  2.5446, 18.9586],
        [34.2303,  6.5951, 14.0006,  3.3854,  4.4143,  7.3119,  2.9938,  1.4195,
          0.4378,  2.0607,  2.4189, 17.4658],
        [36.5099,  7.6327, 16.0738,  3.5138,  4.5831,  8.4301,  3.3391,  1.4449,
          0.3805,  2.3042,  2.5506, 19.7404],
        [33.6952,  6.8262, 14.1622,  3.1223,  4.1578,  8.5902,  2.8758,  1.1758,
          0.4813,  2.1330,  2.5354, 17.5207]], grad_fn=<AsStridedBackward0>)
actual output
tensor([[ 2.9467e+01,  6.4670e+00,  1.3000e+01,  2.6000e+00,  3.3330e+00,
          4.7330e+00,  1.8460e+00,  5.0000e-01,  2.8600e-01,  2.1250e+00,
          2.0670e+00,  1.5533e+01],
        [ 2.8133e+01,  6.1330e+00,  1.2067e+01,  1.3330e+00,  1.6000e+00,
          4.7330e+00,  1.6150e+00,  8.5700e-01,  2.8600e-01,  3.1430e+00,
          2.0670e+00,  1.3600e+01],
        [ 1.7818e+01,  2.1820e+00,  5.8180e+00,  1.0910e+00,  1.8180e+00,
          3.5450e+00,  1.4000e+00,  3.3300e-01,  2.2200e-01,  1.0000e+00,
          1.9090e+00,  5.4550e+00],
        [ 8.0000e+00,  0.0000e+00,  2.0000e+00, -2.3842e-07,  0.0000e+00,
          0.0000e+00,  1.0000e+00,  0.0000e+00,  0.0000e+00,  0.0000e+00,
          2.0000e+00,  0.0000e+00],
        [ 6.0000e+00,  1.0000e+00,  1.8000e+00,  6.0000e-01,  8.0000e-01,
          8.0000e-01,  0.0000e+00,  0.0000e+00,  0.0000e+00,  0.0000e+00,
          4.0000e-01,  2.6000e+00],
        [ 1.1000e+01,  1.5710e+00,  3.1430e+00,  4.2900e-01,  7.1400e-01,
          2.0000e+00,  5.7100e-01,  0.0000e+00,  0.0000e+00,  0.0000e+00,
          1.1430e+00,  3.5710e+00],
        [ 7.9000e+00,  7.0000e-01,  2.4000e+00,  2.0000e-01,  5.0000e-01,
          1.4000e+00,  5.0000e-01,  3.3300e-01,  0.0000e+00,  3.3300e-01,
          6.0000e-01,  1.6000e+00],
        [ 2.5231e+01,  4.5380e+00,  9.5380e+00,  9.2300e-01,  2.0770e+00,
          3.6920e+00,  1.2310e+00,  6.6700e-01,  0.0000e+00,  2.0000e+00,
          1.5380e+00,  1.0000e+01],
        [ 2.2375e+01,  4.4380e+00,  1.0000e+01,  1.1250e+00,  1.9380e+00,
          3.9380e+00,  1.8120e+00,  1.1110e+00,  2.5000e-01,  3.0000e+00,
          1.6250e+00,  1.0000e+01],
        [ 2.0250e+01,  4.8750e+00,  9.1250e+00,  1.5000e+00,  2.0000e+00,
          4.5000e+00,  1.2500e+00,  1.0000e+00,  5.0000e-01,  1.5000e+00,
          8.7500e-01,  1.1250e+01],
        [ 5.5000e+00,  5.0000e-01,  1.0000e+00, -2.3842e-07,  0.0000e+00,
          1.0000e+00,  0.0000e+00,  0.0000e+00,  0.0000e+00,  0.0000e+00,
          2.3842e-07,  1.0000e+00],
        [ 4.6670e+00,  3.3300e-01,  1.3330e+00, -2.3842e-07,  0.0000e+00,
          6.6700e-01,  0.0000e+00,  0.0000e+00,  0.0000e+00,  0.0000e+00,
          6.6700e-01,  6.6700e-01]])