[[ 1.48965969e+00  1.60290404e+00  1.58348330e+00  2.30950059e+00
   2.57213587e+00  1.63404695e+00 -4.38933620e-01  5.36799279e-01
   1.53921492e+00  1.44585703e+00  9.40826299e-01  1.74127347e+00
   3.20030424e+10]
 [ 1.61427751e+00  1.71256971e+00  2.09350726e+00  3.35298776e+00
   4.24839761e+00  2.10370567e+00 -9.47499379e-02  1.09532292e+00
   1.64089607e+00  3.26896313e+00  9.40826299e-01  2.11615120e+00
   4.20030424e+10]
 [ 1.13067831e+00  2.04233633e+00  1.47329650e+00  2.75060852e+00
   3.37800491e+00  1.53506214e+00 -6.57879983e-01 -1.32803294e-01
   2.25527932e+00  6.04498961e-01  8.64544385e-01  2.18905624e+00
   1.12004052e+11]
 [ 1.02421469e+00  1.82262018e+00  1.15431443e+00  2.71071214e+00
   2.82571840e+00  1.16438823e+00 -2.78226990e-01 -6.07944241e-03
   1.09525500e+00  1.51163415e+00  1.63689877e+00  2.01204280e+00
   1.22004052e+11]
 [ 1.17467917e+00  2.23011475e+00  1.65083039e+00  2.61181405e+00
   3.24354300e+00  1.10347450e+00 -2.71658599e-01  1.30652934e+00
   1.46044784e+00  5.79955260e-01  1.10080642e+00  2.29506017e+00
   1.20040524e+10]
 [ 1.01621453e+00  1.92766836e+00  1.44435076e+00  3.22149826e+00
   3.17586083e+00  1.88808490e+00 -4.98487031e-01  5.96292212e-02
   1.00932727e+00  1.08850074e+00  1.27138126e+00  2.22419647e+00
   2.20040524e+10]
 [ 1.19180771e+00  1.88688042e+00  1.70756404e+00  2.66407270e+00
   2.76570688e+00  1.39523743e+00 -4.75278716e-01 -5.80248003e-01
   1.21555382e+00  8.73497922e-01  1.31905746e+00  2.06059756e+00
   3.20040524e+10]
 [ 8.76314355e-01  1.68255595e+00  1.28649998e+00  3.52830709e+00
   3.83237787e+00  2.10820498e+00 -1.00442543e-01 -2.25108321e-01
   2.05048490e+00  1.96091778e-01  1.65596924e+00  2.14458417e+00
   4.20040524e+10]
 [-8.76643021e-01 -4.86130892e-01 -2.91804628e-02  2.75908741e-01
   5.84200964e-02  2.41337530e-01 -8.03698260e-01 -8.41518166e-01
   6.18356110e-01 -1.17246498e+00 -9.76816263e-01 -3.69473326e-01
   3.20050624e+10]
 [-1.38947357e+00 -8.70922738e-01 -1.37998174e+00 -9.88925205e-02
   5.09634560e-01 -1.25831702e+00 -6.57879983e-01  2.01997992e-01
   6.18356110e-01  4.64108992e-01 -2.70149087e-01 -7.58348823e-01
   1.02006072e+11]
 [ 9.38375062e-02  5.79357729e-01  4.51136077e-02  1.11148517e+00
   1.23834592e+00  1.21768775e+00 -8.60186422e-01  8.15321091e-02
   7.28630027e-01  7.66487386e-01  1.84879297e+00  6.54842524e-01
   1.12006072e+11]
 [ 7.02875064e-01  1.18117218e+00  5.11140050e-01  2.03640702e+00
   2.01353237e+00  1.71814943e+00 -8.62375885e-01 -8.41518166e-01
   1.47763338e+00  9.87380694e-01  1.21311035e+00  1.35108568e+00
   1.22006072e+11]
[ 1.19180771e+00  1.88688042e+00  1.70756404e+00  2.66407270e+00
   2.76570688e+00  1.39523743e+00 -4.75278716e-01 -5.80248003e-01
   1.21555382e+00  8.73497922e-01  1.31905746e+00  2.06059756e+00
   3.20040524e+10]
 [ 8.76314355e-01  1.68255595e+00  1.28649998e+00  3.52830709e+00
   3.83237787e+00  2.10820498e+00 -1.00442543e-01 -2.25108321e-01
   2.05048490e+00  1.96091778e-01  1.65596924e+00  2.14458417e+00
   4.20040524e+10]
 [-8.76643021e-01 -4.86130892e-01 -2.91804628e-02  2.75908741e-01
   5.84200964e-02  2.41337530e-01 -8.03698260e-01 -8.41518166e-01
   6.18356110e-01 -1.17246498e+00 -9.76816263e-01 -3.69473326e-01
   3.20050624e+10]
 [-1.38947357e+00 -8.70922738e-01 -1.37998174e+00 -9.88925205e-02
   5.09634560e-01 -1.25831702e+00 -6.57879983e-01  2.01997992e-01
   6.18356110e-01  4.64108992e-01 -2.70149087e-01 -7.58348823e-01
   1.02006072e+11]
 [ 9.38375062e-02  5.79357729e-01  4.51136077e-02  1.11148517e+00
   1.23834592e+00  1.21768775e+00 -8.60186422e-01  8.15321091e-02
   7.28630027e-01  7.66487386e-01  1.84879297e+00  6.54842524e-01
   1.12006072e+11]
 [ 7.02875064e-01  1.18117218e+00  5.11140050e-01  2.03640702e+00
   2.01353237e+00  1.71814943e+00 -8.62375885e-01 -8.41518166e-01
   1.47763338e+00  9.87380694e-01  1.21311035e+00  1.35108568e+00
   1.22006072e+11]
 [ 8.09338686e-01  1.10113547e+00  6.09941515e-01  2.00831097e+00
   2.00405686e+00  1.64027676e+00 -7.94502513e-01  6.43649352e-03
   1.33442051e+00  8.94114631e-01  1.45149134e+00  1.28299237e+00
   1.20060724e+10]
 [ 1.60073879e+00  2.26666997e+00  1.79671693e+00  3.40243680e+00
   3.11269080e+00  2.94819150e+00 -2.19987257e-01 -3.89337742e-02
   3.97808276e-01  2.04963207e+00  1.84879297e+00  2.52791888e+00
   2.20060724e+10]
 [ 7.20413869e-01  1.13538195e+00  6.46220178e-01  1.66722497e+00
   1.79875428e+00  1.73303177e+00 -4.70024004e-01 -2.17243623e-02
   1.43610165e+00  1.51556114e+00  1.16755310e+00  1.22043984e+00
   3.20060724e+10]
 [ 6.92618453e-01  1.16847404e+00  9.74271917e-01  1.19352562e+00
   1.32182060e+00  1.12977816e+00 -6.14090710e-01  2.23583758e+00
   1.19120763e+00  1.74038144e+00  1.10716325e+00  1.12260128e+00
   4.20060724e+10]
 [ 2.43686592e-01  9.34520603e-01  6.83270727e-01  1.71667401e+00
   1.75904741e+00  1.29763702e+00 -7.92750942e-01  2.01997992e-01
   1.94021098e+00  6.90892788e-01  1.84879297e+00  1.08104540e+00
   1.12007082e+11]
 [ 9.08007283e-01  2.00231797e+00  1.15431443e+00  1.92402283e+00
   2.16423800e+00  1.69496068e+00 -3.95144347e-01 -4.23798804e-01
   2.52738379e+00  4.64108992e-01  1.49598912e+00  1.95371876e+00
   1.22007082e+11]]